8
32
0.9940548
0.9975523
0.999912
1.0011736
1.0013772
1.000563
0.9987706
0.9960401
0.99241143
0.9879245
0.98261935
0.9765358
0.96971387
0.9621936
0.95401496
0.94521767
0.9358418
0.92592734
0.91551435
0.9046426
0.89335215
0.8816829
0.86967474
0.8573678
0.84480184
0.832017
0.819053
0.80595005
0.79274803
0.7794866
0.76620615
0.7529463
0.7529463
0.7387225
0.7226313
0.7048352
0.6854965
0.6647774
0.64284045
0.6198477
0.59596187
0.57134503
0.5461596
0.5205679
0.49473226
0.4688151
0.44297865
0.4173852
0.39219722
0.36757693
0.34368682
0.32068914
0.29874623
0.27802032
0.25867403
0.24086943
0.2247689
0.21053492
0.19832966
0.18831559
0.180655
0.17551005
0.17304341
0.17341721
0.17341721
0.17709926
0.18429291
0.19476396
0.20827816
0.22460124
0.24349897
0.26473704
0.28808138
0.3132975
0.34015137
0.3684086
0.39783502
0.42819637
0.45925838
0.49078682
0.5225474
0.554306
0.58582824
0.61687994
0.64722675
0.67663467
0.70486915
0.7316961
0.7568813
0.78019065
0.8013894
0.82024384
0.8365194
0.849982
0.8603974
0.8675311
0.8675311
0.8717728
0.87375116
0.8735915
0.8714189
0.8673586
0.8615356
0.85407513
0.8451023
0.8347421
0.8231201
0.81036097
0.79659003
0.78193265
0.76651365
0.7504583
0.7338917
0.71693903
0.6997255
0.68237615
0.6650162
0.64777064
0.63076484
0.6141238
0.59797263
0.58243656
0.56764066
0.5537102
0.54077035
0.5289458
0.5183624
0.5091447
0.5091447
0.50070244
0.49236777
0.48415056
0.47606036
0.46810687
0.46029976
0.45264867
0.44516334
0.4378533
0.4307284
0.4237981
0.41707224
0.41056043
0.4042723
0.39821753
0.39240584
0.38684678
0.38155016
0.37652558
0.37178266
0.36733115
0.36318073
0.35934097
0.35582152
0.3526322
0.3497825
0.34728226
0.34514108
0.3433685
0.34197435
0.34096825
0.34096825
0.34049118
0.34065327
0.34141803
0.34274888
0.34460914
0.3469623
0.34977183
0.35300103
0.35661346
0.36057246
0.36484146
0.36938387
0.3741632
0.37914276
0.38428602
0.3895564
0.3949173
0.40033227
0.40576458
0.41117764
0.41653502
0.42180005
0.42693612
0.43190676
0.4366753
0.44120514
0.44545984
0.44940272
0.45299718
0.4562067
0.4589947
0.4589947
0.45738944
0.45479605
0.45128664
0.44693324
0.44180778
0.43598235
0.42952907
0.4225198
0.41502672
0.40712187
0.3988772
0.39036477
0.38165662
0.37282482
0.36394134
0.35507825
0.34630755
0.33770135
0.32933167
0.32127047
0.31358987
0.30636182
0.29965845
0.29355168
0.28811365
0.28341636
0.27953187
0.2765322
0.27448925
0.2734753
0.2735622
